ChIJOWMYXHjSvYcRSvAfdxlP8fg
Dirty Dawg Saloon
531 N Manhattan Ave, Manhattan, KS 66502, USA
['bar', 'point_of_interest', 'establishment'
]
{'lat': 39.1849212, 'lng': -96.5766678
}
4
161
+1 785-320-5378
[
    {'name': 'Monday', 'data': [
            0,
            0,
            0,
            0,
            0,
            0,
            0,
            0,
            0,
            0,
            0,
            0,
            0,
            0,
            0,
            0,
            0,
            0,
            0,
            0,
            0,
            0,
            0,
            0
        ]
    },
    {'name': 'Tuesday', 'data': [
            0,
            0,
            0,
            0,
            0,
            0,
            0,
            0,
            0,
            0,
            0,
            0,
            0,
            0,
            0,
            0,
            0,
            0,
            0,
            0,
            0,
            0,
            0,
            0
        ]
    },
    {'name': 'Wednesday', 'data': [
            0,
            0,
            0,
            0,
            0,
            0,
            0,
            0,
            0,
            0,
            0,
            0,
            0,
            0,
            0,
            0,
            0,
            0,
            0,
            0,
            3,
            6,
            8,
            9
        ]
    },
    {'name': 'Thursday', 'data': [
            7,
            4,
            0,
            0,
            0,
            0,
            0,
            0,
            0,
            0,
            0,
            0,
            0,
            0,
            0,
            0,
            0,
            0,
            0,
            0,
            2,
            8,
            19,
            29
        ]
    },
    {'name': 'Friday', 'data': [
            27,
            16,
            0,
            0,
            0,
            0,
            0,
            0,
            0,
            0,
            0,
            0,
            0,
            0,
            0,
            0,
            0,
            0,
            0,
            0,
            7,
            19,
            36,
            58
        ]
    },
    {'name': 'Saturday', 'data': [
            80,
            59,
            0,
            0,
            0,
            0,
            0,
            0,
            0,
            0,
            0,
            0,
            0,
            0,
            0,
            0,
            0,
            0,
            0,
            0,
            13,
            36,
            66,
            89
        ]
    },
    {'name': 'Sunday', 'data': [
            100,
            63,
            0,
            0,
            0,
            0,
            0,
            0,
            0,
            0,
            0,
            0,
            0,
            0,
            0,
            0,
            0,
            0,
            0,
            0,
            0,
            0,
            0,
            0
        ]
    }
]